1 11.94
2 6.54
3 6.46
4 5.91
5 8.05
6 7.47
7 6.79
8 6.18
9 6.29
10 6.38
11 6.12
12 6.04
1 12.05
2 6.54
3 6.15
4 7.93
5 7.80
6 7.34
7 6.63
8 6.10
9 6.35
10 6.41
11 5.92
12 5.95
1 11.89
2 6.54
3 6.36
4 5.81
5 8.01
6 7.33
7 6.96
8 6.44
9 6.45
10 6.27
11 6.19
12 6.03
1 11.89
2 6.53
3 6.50
4 7.91
5 8.16
6 7.24
7 6.40
8 6.57
9 6.45
10 6.22
11 6.28
12 5.93
1 11.86
2 6.55
3 6.22
4 5.81
5 8.01
6 7.20
7 6.83
8 6.69
9 6.17
10 6.49
11 5.89
12 6.17
1 11.86
2 6.65
3 6.74
4 7.96
5 8.32
6 5.77
7 7.08
8 6.56
9 6.20
10 6.58
11 6.16
12 6.11
1 11.86
2 6.65
3 6.24
4 5.84
5 8.12
6 7.72
7 6.79
8 6.62
9 6.40
10 6.40
11 6.21
12 5.89
1 11.86
2 6.60
3 6.36
4 7.97
5 8.15
6 7.51
7 7.01
8 6.67
9 6.30
10 6.24
11 6.23
12 6.13
1 12.10
2 6.94
3 6.31
4 7.98
5 8.00
6 6.99
7 7.08
8 6.13
9 6.19
10 6.35
11 6.05
12 6.20
1 11.87
2 6.59
3 6.89
4 5.85
5 8.22
6 7.72
7 7.16
8 6.51
9 6.41
10 5.74
11 6.28
12 6.05
1 11.87
2 6.61
3 6.60
4 7.97
5 7.97
6 7.29
7 6.70
8 6.91
9 6.54
10 6.38
11 6.16
12 6.17
1 11.86
2 6.61
3 6.34
4 7.97
5 8.71
6 7.28
7 6.68
8 5.80
9 6.44
10 6.39
11 6.17
12 6.23
1 11.91
2 6.86
3 6.50
4 5.81
5 8.34
6 7.90
7 6.67
8 6.47
9 6.45
10 6.14
11 6.25
12 6.12
1 11.93
2 6.52
3 6.19
4 7.93
5 7.92
6 7.32
7 6.30
8 6.76
9 6.25
10 6.50
11 6.14
12 6.31
1 11.89
2 6.64
3 6.54
4 5.96
5 8.10
6 7.37
7 6.80
8 6.77
9 6.41
10 6.49
11 6.11
12 6.10
1 11.86
2 6.53
3 6.22
4 5.79
5 8.13
6 7.32
7 6.62
8 6.64
9 6.18
10 6.35
11 5.99
12 6.15
1 11.87
2 6.53
3 6.71
4 7.96
5 8.55
6 7.40
7 6.68
8 6.71
9 6.27
10 6.43
11 6.19
12 6.16
1 11.87
2 6.59
3 6.67
4 7.93
5 8.55
6 7.33
7 6.84
8 6.45
9 6.00
10 6.31
11 6.07
12 6.21
1 11.91
2 6.53
3 6.56
4 7.98
5 8.26
6 7.40
7 6.89
8 6.42
9 6.50
10 6.25
11 6.09
12 5.93
1 11.91
2 6.54
3 6.37
4 7.94
5 7.85
6 7.73
7 6.56
8 6.47
9 6.33
10 6.23
11 6.13
12 6.21
1 11.87
2 6.56
3 6.10
4 7.95
5 8.42
6 5.85
7 6.57
8 6.29
9 6.57
10 6.61
11 5.91
12 5.96
1 11.87
2 6.99
3 7.04
4 5.83
5 8.16
6 7.02
7 7.18
8 6.66
9 6.54
10 6.70
11 6.20
12 6.15
1 11.92
2 6.54
3 6.76
4 7.97
5 8.22
6 7.29
7 7.03
8 6.49
9 6.41
10 6.50
11 6.36
12 6.11
1 11.90
2 6.55
3 6.37
4 5.89
5 7.97
6 7.66
7 6.87
8 6.27
9 6.38
10 6.61
11 6.15
12 6.30
1 11.88
2 6.56
3 6.56
4 7.97
5 8.41
6 5.89
7 6.67
8 5.80
9 6.39
10 5.75
11 6.26
12 5.92
1 11.88
2 6.56
3 7.04
4 7.96
5 8.23
6 7.30
7 6.72
8 6.41
9 6.35
10 6.49
11 6.34
