1 0.0241022
2 0.0467508
3 0.0688705
4 0.0520833
5 0.0461467
6 0.0542299
7 0.0584112
8 0.0726744
9 0.0817661
10 0.0819672
11 0.0910747
12 0.094162
1 0.0244141
2 0.0467727
3 0.0688705
4 0.0511247
5 0.0458085
6 0.0544959
7 0.0650195
8 0.0660502
9 0.0802568
10 0.0793651
11 0.088968
12 0.0990099
1 0.0245038
2 0.0465549
3 0.0689655
4 0.0515464
5 0.0445831
6 0.0514668
7 0.0623053
8 0.0765111
9 0.0765111
10 0.0772798
11 0.0970874
12 0.094162
1 0.0241371
2 0.0471476
3 0.0692521
4 0.0528541
5 0.0427168
6 0.0529101
7 0.0585823
8 0.0777001
9 0.0785546
10 0.084674
11 0.0926784
12 0.0994036
1 0.0247158
2 0.0469925
3 0.0696379
4 0.0517063
5 0.0447828
6 0.052687
7 0.0575043
8 0.0787402
9 0.0789266
10 0.0869565
11 0.0918274
12 0.0909091
1 0.0242601
2 0.0472367
3 0.0693481
4 0.0525762
5 0.0424989
6 0.0504541
7 0.0573394
8 0.0644745
9 0.078125
10 0.0791766
11 0.0934579
12 0.094162
1 0.0245038
2 0.0465333
3 0.0688231
4 0.0530223
5 0.0428449
6 0.0569476
7 0.0576037
8 0.0763359
9 0.0746269
10 0.0805802
11 0.0933707
12 0.0958773
1 