1 0.0249688
2 0.0476417
3 0.0696864
4 0.0913242
5 0.108696
6 0.130208
7 0.151745
8 0.161031
9 0.103199
10 0.113122
11 0.118343
12 0.132979
13 0.13947
14 0.148368
15 0.152439
16 0.157233
17 0.127714
18 0.131062
1 0.0251004
2 0.0476644
3 0.0696864
4 0.0911577
5 0.108696
6 0.130208
7 0.151515
8 0.163399
9 0.104167
10 0.113379
11 0.122699
12 0.128866
13 0.138313
14 0.15015
15 0.15528
16 0.15528
17 0.127551
18 0.133511
1 0.0250125
2 0.0471254
3 0.069541
4 0.0912409
5 0.108814
6 0.130208
7 0.151515
8 0.160514
9 0.10395
10 0.109409
11 0.122699
12 0.129702
13 0.139665
14 0.14245
15 0.15674
16 0.161031
17 0.127714
18 0.13369
1 0.0251319
2 0.0473934
3 0.069735
4 0.0911577
5 0.108696
6 0.130039
7 0.151515
8 0.163132
9 0.104058
10 0.112613
11 0.116959
12 