1 0,0248262
2 0,0475285
3 0,0696379
4 0,0912409
5 0,108696
6 0,130208
7 0,151515
8 0,161812
9 0,133869
10 0,142653
11 0,149477
12 0,156495
13 0,161031
14 0,166389
15 0,166945
16 0,162866
17 0,166389
18 0,140845
1 0,0250376
2 0,0471254
3 0,0698812
4 0,0915751
5 0,108578
6 0,130039
7 0,148368
8 0,153374
9 0,132275
10 0,143472
11 0,150602
12 0,156006
13 0,160514
14 0,162338
15 0,167504
16 0,164474
17 0,166945
18 0,166113
1 0,0250125
2 0,0473709
3 0,0693963
4 0,0913242
5 0,108696
6 0,130208
7 0,151745
8 0,162602
9 0,132979
10 0,142857
11 0,147493
12 0,15456
13 0,16
14 0,163934
15 0,163934
16 0,162602
17 0,166389
18 0,167224
1 0,0248324
2 0,0473934
3 0,0681199
4 0,088968
5 0,10917
6 0,12987
7 0,151515
8 0,162075
9 0,131406
10 0,140056
11 0,152905
12 0,152207
13 0,159744
14 0,163132
15 0,165837
16 0,162338
17 0,162075
18 0,165563
